66666666666666666666666666666666666666666666666666
6                                  6             6
6                                 6              6
6          6                     6               6
6           6                   6                6
6            6                 6                 6
6             6                                  6
6              6                                 6
6              66                                6
6                                                6
6    7                    6666666666666666       6
6                         6              6       6
6                         6              6       6
6                         6   7      7   6       6
6          7              6              6       6
6          7              6              6       6
6                         6              6       6
6                         6   7      7   6       6
6                         6              6       6
6                         6              6       6
6                         6666666686666666       6
666666666                                        6
6       6                                        6
6       6                                        6
6       6                                        6
6   66666                                        6
6   6      66 66                                 6
6   666666666 66                                 6
6             6                                  6
6  6666666666666                                 6
6  6           6                       66666666666
6  6          66                         6       6
6  6666666 6666             6            66      6
6                           6             6      6
6     666666666             6             6      6
6       6                   6             6      6
6       6                   6             6      6
6       6                   6             6      6
6     666                                 6      6
6     6                                   66666666
6     6  6                                       6
6                                                6
6                                                6
6                                                6
6  66                                            6
666  6                                          66
6    6                                         666
6     66                                       666
6       6                                    66666
66666666666666666666666666666666666666666666666666
