600000000000600000000000
668666000000668666000000
600000000000600000000000
607070000000607070000000
600000000000600000000000
600060000000600060000000
600060000000600060000000
600060000006600060000006
600060000006600060000006
600060000006600060000006
600060000006600060000006
600060000066600060000006
600000000000600000000000
668666000000668666000000
600000000000600000000000
607070000000607070000000
600000000000600000000000
600060000000600060000000
600060000000600060000000
600060000006600060000006
600060000006600060000006
600060000006600060000006
000060000006600060000006
000060000066600060000006

6           6           
66666       66666       
6           6           
6   7       6   7       
6           6           
6   6       6   6       
6   6       6   6       
6   6      66   6      6
6   6      66   6      6
6   6      66   6      6
6   6      66   6      6
6   6     666   6      6
6           6           
66666       66666       
6           6           
6   7       6   7       
6           6           
6   6       6   6       
6   6       6   6       
6   6      66   6      6
6   6      66   6      6
    6      66   6      6
    6      66   6      6
    6     666   6      6

6           6           
66666       66666       
6           6           
6   7       6   7       
6           6           
6   6       6   6       
6   6       6   6       
6   6      66   6      6
6   6      66   6      6
6   6      66   6      6
6   6      66   6      6
6   6     666   6      6
6           6           
66666       66666       
6           6           
6   7       6   7       
6           6           
6   6       6   6       
6   6       6   6       
6   6      66   6      6
    6      66   6      6
    6      66   6      6
    6      66   6      6
    6     666   6      6

6           6           
66666       66666       
6           6           
6   7       6   7       
6           6           
6   6       6   6       
6   6       6   6       
6   6      66   6      6
6   6      66   6      6
6   6      66   6      6
6   6      66   6      6
6   6     666   6      6
6           6           
66666       66666       
6           6           
6   7       6   7       
6           6           
6   6       6   6       
6   6       6   6       
    6      66   6      6
    6      66   6      6
    6      66   6      6
    6      66   6      6
    6     666   6      6

6           6           
66666       66666       
6           6           
6   7       6   7       
6           6           
6   6       6   6       
6   6       6   6       
6   6      66   6      6
6   6      66   6      6
6   6      66   6      6
6   6      66   6      6
6   6     666   6      6
6           6           
66666       66666       
6           6           
6   7       6   7       
6           6           
6   6       6   6       
6   6       6   6       
    6      66   6      6
    6      66   6      6
    6      66   6      6
    6      66   6      6
    6     666   6      6

6           6           
66666       66666       
6           6           
6   7       6   7       
6           6           
6   6       6   6       
6   6       6   6       
6   6      66   6      6
6   6      66   6      6
6   6      66   6      6
6   6      66   6      6
6   6     666   6      6
6           6           
66666       66666       
6           6           
6   7       6   7       
6           6           
6   6       6   6       
6   6       6   6       
    6      66   6      6
    6      66   6      6
    6      66   6      6
    6      66   6      6
    6     666   6      6

6           6           
66666       66666       
6           6           
6   7       6   7       
6           6           
6   6       6   6       
6   6       6   6       
6   6      66   6      6
6   6      66   6      6
6   6      66   6      6
6   6      66   6      6
6   6     666   6      6
6           6           
66666       66666       
6           6           
6   7       6   7       
6           6           
6   6       6   6       
6   6       6   6       
    6      66   6      6
    6      66   6      6
    6      66   6      6
    6      66   6      6
    6     666   6      6

6           6           
66666       66666       
6           6           
6   7       6   7       
6           6           
6   6       6   6       
6   6       6   6       
6   6      66   6      6
6   6      66   6      6
6   6      66   6      6
6   6      66   6      6
6   6     666   6      6
6           6           
66666       66666       
6           6           
6   7       6   7       
6           6           
6   6       6   6       
6   6       6   6       
    6      66   6      6
    6      66   6      6
    6      66   6      6
    6      66   6      6
    6     666   6      6
